3.584326775183661766e+02
3.589750449042301739e+02
3.591709629695352533e+02
3.591937625079324903e+02
3.591511437771455917e+02
3.588965638751735128e+02
3.594348275869177201e+02
3.591865891473035504e+02
3.593996580535990688e+02
3.596591523911387753e+02
3.599646334558156582e+02
3.599093664793369953e+02
3.603715579586339572e+02
3.601868395844138604e+02
3.604045124538604910e+02
3.606574543707795328e+02
3.609152744962638621e+02
3.609118223235647065e+02
3.604553272800617378e+02
3.604553175500482212e+02
3.607156575485433905e+02
3.609180100820146890e+02
3.609568848681074087e+02
3.611748837775200514e+02
3.614453671129795111e+02
3.614497522515708852e+02
3.617009502668813070e+02
3.616948028111478379e+02
3.617036842106973609e+02
3.619552281362447843e+02
3.618097241991936812e+02
3.622121485636845932e+02
3.621993201753748508e+02
3.622019023058413723e+02
3.624784168108129165e+02
3.626861329018738616e+02
3.628574599219560923e+02
3.628558955325297575e+02
3.631999215434934172e+02
3.632004488014385402e+02
3.632221689894246310e+02
3.632305961513788475e+02
3.633919094388780309e+02
3.634764502473075822e+02
3.636674471061057830e+02
3.634938335917261725e+02
3.637054727988049194e+02
3.639537556557383482e+02
3.637018824031016493e+02
3.642056651553483562e+02
3.642046333451545479e+02
3.644283747328257164e+02
3.641908243325846684e+02
3.644753389815215883e+02
3.647283434412434531e+02
3.647008423428281958e+02
3.649294841781724585e+02
3.649471314973207541e+02
3.652514131132369357e+02
3.652467728098514499e+02
3.652092953957746886e+02
3.652082274302217684e+02
3.654650138635936401e+02
3.657241824343642520e+02
3.656955457401452350e+02
3.659567361261874794e+02
3.659981650205734240e+02
3.656713635114041381e+02
3.659302281179008673e+02
3.661836948915534435e+02
3.660129169725381644e+02
3.661636388430885631e+02
3.661638924763481100e+02
3.664679376034126790e+02
3.664674447376694388e+02
3.666306811050470174e+02
3.664009328125050615e+02
3.668774863805732025e+02
3.671675786660497351e+02
3.674412049649627079e+02
3.676588363035958764e+02
3.676565361729362280e+02
3.673895320529904325e+02
3.673899972000405683e+02
3.679029267504455447e+02
3.681563164469563958e+02
3.679041345730964281e+02
3.682164857675661551e+02
3.686674303763822991e+02
3.686364741011925616e+02
3.689132962285306121e+02
3.688885312723786569e+02
3.686385106631975077e+02
3.691477653801994734e+02
3.694012296179017767e+02
3.691306503823448679e+02
3.694039769877272761e+02
3.696174021049451426e+02
3.698967048607530046e+02
3.701230302092990314e+02
3.701322288070245463e+02
3.699888552466672422e+02
3.701708115992568082e+02
3.701716783603246199e+02
3.704047215333227427e+02
3.704062740585220013e+02
3.704075888709877518e+02
3.706507710974910310e+02
3.708696168257141608e+02
3.711157720106111810e+02
3.714044759116257524e+02
3.711694735043122932e+02
3.711251679519690470e+02
3.713898966036903744e+02
3.713927710675106937e+02
3.734090945333017544e+02
3.736502213736464455e+02
3.733899068157987813e+02
3.736121367378317473e+02
3.736147604495512837e+02
3.735923849913182266e+02
3.748930034143614307e+02
3.771484474135036180e+02
3.801194631529579624e+02
3.798647554008587122e+02
3.798704981006257526e+02
3.801381200006891277e+02
3.806266419898325353e+02
3.803841172954215040e+02
3.806275393171889618e+02
3.808720318144076487e+02
3.811094415418834842e+02
3.808564859063304766e+02
3.807991015725121429e+02
3.807994414058422876e+02
3.808240272803463995e+02
3.808188830428252345e+02
3.810780164128502747e+02
