3.855407456562784319e+02
3.877944307996576185e+02
3.898124763671376627e+02
3.919039587486033156e+02
3.938483282310330651e+02
3.939127522590482613e+02
3.960704250306683889e+02
3.961039941530665374e+02
3.984098836090489613e+02
3.984047215361122198e+02
4.004256260651068260e+02
4.026857659506564460e+02
4.047015289703895178e+02
4.067372285000101897e+02
4.087350055526319466e+02
4.087532179617799670e+02
4.107550923650555319e+02
4.107549491653757059e+02
4.127908358783499239e+02
4.127941881790846423e+02
4.150841037009712977e+02
4.173079958106922618e+02
4.193016843806379939e+02
4.213420125056436518e+02
4.234090923508323385e+02
4.255285599670875172e+02
4.258719503619179250e+02
4.276956850763681359e+02
4.279314119283149580e+02
4.296430692815858379e+02
4.298462693044187972e+02
4.319152178577709265e+02
4.342058744344654997e+02
4.361979963493767514e+02
4.383674470682639139e+02
4.404520248647203857e+02
4.422195699370740272e+02
4.422221755022211482e+02
4.444545128760674402e+02
4.445168856264585315e+02
4.464844064809341830e+02
4.464885407094049015e+02
4.482588220345193690e+02
4.504329324077579599e+02
4.525630330833541848e+02
4.548121597664382421e+02
4.567949570146224119e+02
4.585882488437852089e+02
4.588346324299372441e+02
4.608600128766773310e+02
4.608663635682626136e+02
4.627630805707005948e+02
4.628736467674237929e+02
4.649213932821959361e+02
4.669514591286948075e+02
4.690409804547301178e+02
4.709227446444922407e+02
4.734753970931088816e+02
4.752322214666505715e+02
4.752326880287136532e+02
4.773730697858272833e+02
4.771955589141995233e+02
4.792390760375646437e+02
4.792330519300136302e+02
4.814883107128389952e+02
4.834557047377555818e+02
4.852878760752508924e+02
4.874271640747715537e+02
4.895716321157691482e+02
4.915110307729620445e+02
4.915838873689815500e+02
4.936118328632658745e+02
4.936120329772639366e+02
4.953745422776224245e+02
4.954646750951739591e+02
4.974268410598800756e+02
4.994672238322674502e+02
5.014697280345362174e+02
5.035611920241078110e+02
5.056994824467373633e+02
5.076906676395407203e+02
5.077437838501165288e+02
5.095688168651221872e+02
5.097488736977334725e+02
5.118220924689688900e+02
5.118155976606669242e+02
5.137428890621147275e+02
5.157640895322601864e+02
5.177630597154749239e+02
5.198055772666930352e+02
5.218782265722604734e+02
5.238578502337238660e+02
5.238589498432741038e+02
5.256291373136822358e+02
5.258284393921956053e+02
5.276798056371136454e+02
5.299169892424463342e+02
5.317006137453975043e+02
5.337418230294513251e+02
5.357281819047985891e+02
5.375097321050326400e+02
5.376707339333522668e+02
5.398788149750457706e+02
5.400352380210217689e+02
5.420154288387948327e+02
5.420297279363736607e+02
5.438075283896230303e+02
5.458684047592352044e+02
5.478174713438976369e+02
5.495131722165729116e+02
5.513344590349697683e+02
5.532812061051447472e+02
5.534218905935305202e+02
5.553103996807491285e+02
5.554053960529264486e+02
5.821716014046392047e+02
5.839830557738154084e+02
5.841254955795832302e+02
5.859787174164728185e+02
5.858878400142114060e+02
5.877456495102734380e+02
6.026394857369724605e+02
6.317896558247742860e+02
6.682792001920184930e+02
6.683222328916390325e+02
6.699819113540696662e+02
6.733877471739033354e+02
6.752470660640782398e+02
6.769861179420444159e+02
6.786339512512997771e+02
6.801314143024732175e+02
6.816575011632871792e+02
6.819066185456621270e+02
6.832906182142895659e+02
6.835218167609632474e+02
6.851985923418661741e+02
6.853400400549264759e+02
6.867319425300285047e+02
