2.253685143379186684e+00
2.018045567480044156e+00
2.091482381465652907e+00
1.944369482429749496e+00
6.442402801519619970e-02
2.157672771620127605e+00
3.356912239814846544e-02
2.305889455982423897e+00
-5.162072936741424201e-03
2.020904528994606153e+00
2.260139885549619976e+00
2.015763019733071815e+00
2.035699529620671910e+00
1.997777052621756866e+00
1.821240914802046973e-02
2.001874403275564873e+00
-1.431996798260115611e-04
2.035886712974217971e+00
3.352300734718483000e-03
2.289915521886655370e+00
2.223892109720964072e+00
1.993688569945732070e+00
2.040328125005657967e+00
2.067079845188686704e+00
2.119467616255178655e+00
3.433903948304077858e-01
1.823734714450210959e+00
2.357268519468220802e-01
1.711657353270879867e+00
2.032000228329593483e-01
2.068948553352129238e+00
2.290656576694573232e+00
1.992121914911251679e+00
2.169450718887162566e+00
2.084577796456471788e+00
1.767545072353641444e+00
2.605565147121069458e-03
2.232337373846291939e+00
6.237275039109135832e-02
1.967520854475651504e+00
4.134228470718426252e-03
1.770281325114467563e+00
2.174110373238590910e+00
2.130100675596224846e+00
2.249126683084057277e+00
1.982797248184169803e+00
1.793291829162797058e+00
2.463835861520351500e-01
2.025380446740086882e+00
6.350691585282675078e-03
1.896717002437981137e+00
1.105661967231981180e-01
2.047746514772143200e+00
2.030065846498871451e+00
2.089521326035310267e+00
1.881764189762122896e+00
2.552652448616640868e+00
1.756824373541689965e+00
4.665620630817102210e-04
2.140381757113630101e+00
-1.775108716277600251e-01
2.043517123365120369e+00
-6.024107551013457851e-03
2.255258782825364960e+00
1.967394024916586659e+00
1.832171337495310581e+00
2.139287999520661288e+00
2.144468040997594471e+00
1.939398657192896280e+00
7.285659601950555952e-02
2.027945494284324468e+00
2.001139980620791903e-04
1.762509300358487963e+00
9.013281755153457198e-02
1.962165964706116483e+00
2.040382772387374644e+00
2.002504202268767131e+00
2.091463989571593629e+00
2.138290422629552268e+00
1.991185192803357040e+00
5.311621057580850902e-02
1.825033015005658399e+00
1.800568326112852446e-01
2.073218771235417535e+00
-6.494808301965804276e-03
1.927291401447803310e+00
2.021200470145458894e+00
1.998970183214737517e+00
2.042517551218111294e+00
2.072649305567438205e+00
1.979623661463392637e+00
1.099609550237801159e-03
1.770187470408131958e+00
1.993020785133694517e-01
1.851366244918040138e+00
2.237183605332688785e+00
1.783624502951170143e+00
2.041209284053820738e+00
1.986358875347264075e+00
1.781550200234050862e+00
1.610018283196268385e-01
2.208081041693503721e+00
1.564230459759983205e-01
1.980190817773063827e+00
1.429909757882796839e-02
1.777800453249369639e+00
2.060876369612174130e+00
1.949066584662432433e+00
1.695700872675274695e+00
1.821286818396856688e+00
1.946747070174978944e+00
1.406844883857729656e-01
1.888509087218608329e+00
9.499637217732015415e-02
2.676620535171275606e+01
1.811454369176203727e+00
1.424398057678217810e-01
1.853221836889588303e+00
-9.087740226141249877e-02
1.857809496062031940e+00
1.489383622669902252e+01
2.915017008780182550e+01
3.648954436724420702e+01
4.303269962053946074e-02
1.659678462430633772e+00
3.405835819833669120e+00
1.859318890174904482e+00
1.739051877966176107e+00
1.647833309255361200e+00
1.497463051173440363e+00
1.526086860813961721e+00
2.491173823749477378e-01
1.383999668627438950e+00
2.311985466736814487e-01
1.676775580902926777e+00
1.414477130603017940e-01
1.391902475102028802e+00
