0.000000000000000000e+00
9.000000000000000000e+02
1.800000000000000000e+03
2.700000000000000000e+03
3.555000000000000000e+03
3.600000000000000000e+03
4.455000000000000000e+03
4.500000000000000000e+03
5.355000000000000000e+03
5.400000000000000000e+03
6.255100000000000364e+03
7.155100000000000364e+03
8.055100000000000364e+03
8.955100000000000364e+03
9.810100000000000364e+03
9.855100000000000364e+03
1.071010000000000036e+04
1.075510000000000036e+04
1.161010000000000036e+04
1.165510000000000036e+04
1.251010000000000036e+04
1.341010000000000036e+04
1.431010000000000036e+04
1.521010000000000036e+04
1.611010000000000036e+04
1.696509999999999854e+04
1.701009999999999854e+04
1.786509999999999854e+04
1.791009999999999854e+04
1.876520000000000073e+04
1.881020000000000073e+04
1.966520000000000073e+04
2.056520000000000073e+04
2.146520000000000073e+04
2.236520000000000073e+04
2.326520000000000073e+04
2.412020000000000073e+04
2.416520000000000073e+04
2.502020000000000073e+04
2.506520000000000073e+04
2.592020000000000073e+04
2.596520000000000073e+04
2.682020000000000073e+04
2.772020000000000073e+04
2.862020000000000073e+04
2.952020000000000073e+04
3.042020000000000073e+04
3.127520000000000073e+04
3.132020000000000073e+04
3.217520000000000073e+04
3.222020000000000073e+04
3.307519999999999709e+04
3.312019999999999709e+04
3.397519999999999709e+04
3.487519999999999709e+04
3.577519999999999709e+04
3.667519999999999709e+04
3.757519999999999709e+04
3.843019999999999709e+04
3.847519999999999709e+04
3.933019999999999709e+04
3.937519999999999709e+04
4.023009999999999854e+04
4.027509999999999854e+04
4.113009999999999854e+04
4.203009999999999854e+04
4.293009999999999854e+04
4.383009999999999854e+04
4.473009999999999854e+04
4.558509999999999854e+04
4.563009999999999854e+04
4.648509999999999854e+04
4.653009999999999854e+04
4.738509999999999854e+04
4.743009999999999854e+04
4.828509999999999854e+04
4.918509999999999854e+04
5.008509999999999854e+04
5.098509999999999854e+04
5.188509999999999854e+04
5.274009999999999854e+04
5.278509999999999854e+04
5.364009999999999854e+04
5.368509999999999854e+04
5.454000000000000000e+04
5.458500000000000000e+04
5.544000000000000000e+04
5.634000000000000000e+04
5.724000000000000000e+04
5.814000000000000000e+04
5.904000000000000000e+04
5.989500000000000000e+04
5.994000000000000000e+04
6.079500000000000000e+04
6.084000000000000000e+04
6.169500000000000000e+04
6.259500000000000000e+04
6.349500000000000000e+04
6.439500000000000000e+04
6.529500000000000000e+04
6.615000000000000000e+04
6.619500000000000000e+04
6.705000000000000000e+04
6.709500000000000000e+04
6.795000000000000000e+04
6.799500000000000000e+04
6.885000000000000000e+04
6.975000000000000000e+04
7.065000000000000000e+04
7.155000000000000000e+04
7.245000000000000000e+04
7.330500000000000000e+04
7.335000000000000000e+04
7.420500000000000000e+04
7.425000000000000000e+04
8.676010000000000582e+04
8.761510000000000582e+04
8.766010000000000582e+04
8.851510000000000582e+04
8.856010000000000582e+04
8.941510000000000582e+04
9.657010000000000582e+04
1.108801999999999971e+05
1.296451999999999971e+05
1.296901999999999971e+05
1.305451999999999971e+05
1.323452000000000116e+05
1.332452000000000116e+05
1.341452000000000116e+05
1.350452000000000116e+05
1.359451000000000058e+05
1.368001000000000058e+05
1.368451000000000058e+05
1.377001000000000058e+05
1.377451000000000058e+05
1.386001000000000058e+05
1.386451000000000058e+05
1.395001000000000058e+05
