7.923714541541935219e+00
7.931115495787562253e+00
7.926504338639710490e+00
7.911379200191690053e+00
7.914112431421943761e+00
7.912983608150909731e+00
7.911742138393360158e+00
7.915893005056135578e+00
7.918752553029988484e+00
7.919133133510090516e+00
7.927004706278612645e+00
7.917497633441969995e+00
7.915762588455580229e+00
7.909613216872606323e+00
7.915796464931528220e+00
7.915785533221194825e+00
7.906284899847152658e+00
7.902247559375976671e+00
7.894986868716046935e+00
7.895012692628003315e+00
7.910915233332938001e+00
7.904267574585560396e+00
7.896582706472027091e+00
7.899777687443586771e+00
7.891293922324566168e+00
7.890061641419164218e+00
7.898204509093587511e+00
7.887687602272487553e+00
7.899310938084081357e+00
7.893857850322250513e+00
7.894391138562515842e+00
7.885168423389423253e+00
7.875903550000870723e+00
7.866565256699043829e+00
7.872235476803083110e+00
7.870116793094290131e+00
7.870921871672537762e+00
7.866464379001621765e+00
7.867881154651836795e+00
7.866517056150441611e+00
7.867681379418166365e+00
7.868212716687263963e+00
7.856382584529450597e+00
7.861714727566488925e+00
7.861936778506389167e+00
7.849386889741644779e+00
7.868614581140854547e+00
7.855753686532460200e+00
7.859628598416738221e+00
7.856515958659562315e+00
7.856222665395646843e+00
7.855466486715887875e+00
7.860971828440865394e+00
7.850122686142025685e+00
7.847200088247920036e+00
7.847061050403032034e+00
7.836680405538185568e+00
7.846251790987475161e+00
7.840262538952348592e+00
7.839887028049211892e+00
7.843869087717913580e+00
7.844225832471498627e+00
7.836173261979364923e+00
7.824657981883699875e+00
7.842553953907374087e+00
7.842653479646674697e+00
7.823205491481730611e+00
7.840849640437050461e+00
7.838811727667579277e+00
7.829300755349931862e+00
7.830574441071166625e+00
7.821160698918548704e+00
7.821211652631831157e+00
7.815108412424421225e+00
7.809896024553800942e+00
7.814607874137331045e+00
7.802461166365215917e+00
7.803633068275281026e+00
7.791169009491285102e+00
7.785206366365040154e+00
7.791582437104022318e+00
7.792941261654925178e+00
7.783131422185019410e+00
7.783874214510134060e+00
7.782008622290056188e+00
7.781548336552917888e+00
7.782375510893459136e+00
7.788449241800759815e+00
7.779326592623930559e+00
7.771869170545666172e+00
7.761937525853062070e+00
7.771772380674465630e+00
7.771861752815622637e+00
7.762928731470928767e+00
7.765850690643483212e+00
7.754083160960451693e+00
7.763174362861376743e+00
7.752158242784035203e+00
7.745410113352947157e+00
7.747971188574810597e+00
7.742774535176150330e+00
7.749003365987645608e+00
7.748272575702864096e+00
7.754451689452770857e+00
7.745258191486487753e+00
7.745105739246792353e+00
7.736578144339699925e+00
7.725069055445007216e+00
7.725743247244313494e+00
7.731908482733245158e+00
7.717360797127851058e+00
7.725345134386783386e+00
7.723599066406291236e+00
7.721751881515987570e+00
7.716655871055888127e+00
7.669077799240221260e+00
7.680480566901938033e+00
7.685069117814456341e+00
7.682156162668965393e+00
7.674550517022477258e+00
7.658148058031951422e+00
7.665844538247904794e+00
7.642140499249740593e+00
7.602422709846142546e+00
7.603090571543416054e+00
7.616362683262940081e+00
7.599859689365707993e+00
7.602698394641397961e+00
7.594647507321906410e+00
7.599233957328123346e+00
7.582227641669974538e+00
7.585190789594004279e+00
7.586722197055081551e+00
7.586450123429832715e+00
7.585270767590561292e+00
7.589158526225396884e+00
7.596426689861212722e+00
7.583174102217628665e+00
