1.032537182436499279e+00
1.477563524281322316e+00
1.551557753828092245e+00
1.501382582341648231e+00
5.093455934911617078e-01
9.653029432683979394e-01
5.058154614516752190e-01
1.300115470053242461e+00
-2.570008691236580489e-01
1.264798107195019838e+00
1.756282213727899943e+00
1.010348763884394430e+00
2.035427378132226295e+00
1.493748978487019485e+00
-2.334768642867857125e-01
1.248269445363803243e+00
-1.047825890054809861e-04
2.540003871308726957e+00
1.042431267705978826e-03
1.283816406885307515e+00
1.215687590479319624e+00
1.744115185510963784e+00
1.284596858045006229e+00
1.311174792522251664e+00
1.710998781095440791e+00
-2.560567725595319644e-01
1.823959062198809988e+00
1.578109961428708630e-02
1.429406330157689808e+00
3.212190341173482011e-01
1.193487502746393147e+00
1.788722905575923505e+00
1.740462683824262058e+00
1.267203046700160485e+00
1.259658329286139633e+00
1.579941955901631445e+00
2.243448307126527652e-05
1.186629515109416388e+00
-5.085969405627110973e-04
1.463645175977035251e+00
2.562424826692222268e-01
1.617126953306069481e+00
1.436372448233669274e+00
1.506908300029863312e+00
1.997423969123701681e+00
1.476191417577865650e+00
1.287786864691042865e+00
4.981589960380006232e-01
1.292677447554524406e+00
-7.078326916598598473e-04
1.276135473926842678e+00
4.993761672722030198e-01
1.505910537798627047e+00
1.249066638638396398e+00
1.708922280204205890e+00
1.277332198310432432e+00
2.046461381769404397e+00
1.504971336339622212e+00
6.623183026022161357e-04
1.959388366731218412e+00
3.513270007715618704e-03
1.285634955524983525e+00
-2.575061290599478525e-01
1.750705367248883704e+00
1.527654164397063141e+00
1.737499353021121351e+00
2.073511392563887057e+00
1.226201290546669043e+00
1.259235497263944126e+00
4.746249366007759818e-01
1.550991714861993387e+00
8.241624982474604622e-05
1.259054497268152772e+00
-1.525540960756188724e-03
1.763042010929893877e+00
2.331655902185048035e+00
1.244295133847117540e+00
1.500513565815708716e+00
1.512939577241922962e+00
1.749214888059213990e+00
2.526944484316118178e-01
2.005250104025435576e+00
-2.052344598268973641e-04
1.292456802752894873e+00
-2.512146623075750540e-01
1.989181029352948826e+00
1.656099063939109328e+00
1.363572779860078299e+00
2.035732238755372236e+00
1.502645041432515427e+00
1.747724643792025745e+00
5.051017342111663311e-01
1.269509443386596104e+00
-2.527827481799249654e-01
2.303424972296852502e+00
1.481603989191171422e+00
1.531333579850979731e+00
1.538557180128918844e+00
1.700156664719543187e+00
1.815790630098490510e+00
3.228939188602453214e-01
1.702503700539637066e+00
-4.123029930269694887e-03
1.474232630243932363e+00
1.714992988581798272e-02
2.029675534049601993e+00
1.775655632513917226e+00
1.481325605027450365e+00
1.510069271444081096e+00
1.758233070177084301e+00
2.025275552614402841e+00
3.138309383757587057e-01
1.476297150702521321e+00
3.599023671085888054e-03
2.501165278949883941e+01
1.525476696974692459e+00
5.020317737717050477e-01
1.530079734720857232e+00
4.714959277407615446e-03
1.764533649998156761e+00
1.414480206419739261e+01
2.991531094389756618e+01
3.903969183531899034e+01
5.109337193971441593e-01
2.023938280945003498e+00
4.048512394933823089e+00
1.239512275628840143e+00
2.520688408185378648e+00
1.737602417892958329e+00
1.834218729618442012e+00
1.692602017328681541e+00
5.008301311590912519e-01
2.056215653169601865e+00
2.990788289025658742e-04
1.992136756689433241e+00
1.444855115551035851e-03
1.782241668320239114e+00
