9.000000000000000000e+02
9.000000000000000000e+02
9.000000000000000000e+02
8.550000000000000000e+02
4.500000000000000000e+01
8.550000000000000000e+02
4.500000000000000000e+01
8.550000000000000000e+02
4.500000000000000000e+01
8.551000000000000227e+02
9.000000000000000000e+02
9.000000000000000000e+02
9.000000000000000000e+02
8.550000000000000000e+02
4.500000000000000000e+01
8.550000000000000000e+02
4.500000000000000000e+01
8.550000000000000000e+02
4.500000000000000000e+01
8.550000000000000000e+02
9.000000000000000000e+02
9.000000000000000000e+02
9.000000000000000000e+02
9.000000000000000000e+02
8.550000000000000000e+02
4.500000000000000000e+01
8.550000000000000000e+02
4.500000000000000000e+01
8.551000000000000227e+02
4.500000000000000000e+01
8.550000000000000000e+02
9.000000000000000000e+02
9.000000000000000000e+02
9.000000000000000000e+02
9.000000000000000000e+02
8.550000000000000000e+02
4.500000000000000000e+01
8.550000000000000000e+02
4.500000000000000000e+01
8.550000000000000000e+02
4.500000000000000000e+01
8.550000000000000000e+02
9.000000000000000000e+02
9.000000000000000000e+02
9.000000000000000000e+02
9.000000000000000000e+02
8.550000000000000000e+02
4.500000000000000000e+01
8.550000000000000000e+02
4.500000000000000000e+01
8.550000000000000000e+02
4.500000000000000000e+01
8.550000000000000000e+02
9.000000000000000000e+02
9.000000000000000000e+02
9.000000000000000000e+02
9.000000000000000000e+02
8.550000000000000000e+02
4.500000000000000000e+01
8.550000000000000000e+02
4.500000000000000000e+01
8.548999999999999773e+02
4.500000000000000000e+01
8.550000000000000000e+02
9.000000000000000000e+02
9.000000000000000000e+02
9.000000000000000000e+02
9.000000000000000000e+02
8.550000000000000000e+02
4.500000000000000000e+01
8.550000000000000000e+02
4.500000000000000000e+01
8.550000000000000000e+02
4.500000000000000000e+01
8.550000000000000000e+02
9.000000000000000000e+02
9.000000000000000000e+02
9.000000000000000000e+02
9.000000000000000000e+02
8.550000000000000000e+02
4.500000000000000000e+01
8.550000000000000000e+02
4.500000000000000000e+01
8.548999999999999773e+02
4.500000000000000000e+01
8.550000000000000000e+02
9.000000000000000000e+02
9.000000000000000000e+02
9.000000000000000000e+02
9.000000000000000000e+02
8.550000000000000000e+02
4.500000000000000000e+01
8.550000000000000000e+02
4.500000000000000000e+01
8.550000000000000000e+02
9.000000000000000000e+02
9.000000000000000000e+02
9.000000000000000000e+02
9.000000000000000000e+02
8.550000000000000000e+02
4.500000000000000000e+01
8.550000000000000000e+02
4.500000000000000000e+01
8.550000000000000000e+02
4.500000000000000000e+01
8.550000000000000000e+02
9.000000000000000000e+02
9.000000000000000000e+02
9.000000000000000000e+02
9.000000000000000000e+02
8.550000000000000000e+02
4.500000000000000000e+01
8.550000000000000000e+02
4.500000000000000000e+01
1.251010000000000036e+04
8.550000000000000000e+02
4.500000000000000000e+01
8.550000000000000000e+02
4.500000000000000000e+01
8.550000000000000000e+02
7.155000000000000000e+03
1.431010000000000036e+04
1.876500000000000000e+04
4.500000000000000000e+01
8.550000000000000000e+02
1.800000000000000000e+03
9.000000000000000000e+02
9.000000000000000000e+02
9.000000000000000000e+02
8.998999999999999773e+02
8.550000000000000000e+02
4.500000000000000000e+01
8.550000000000000000e+02
4.500000000000000000e+01
8.550000000000000000e+02
4.500000000000000000e+01
8.550000000000000000e+02
