-1.143489476734043393e+02
-1.143492796521751131e+02
-1.153572466934093796e+02
-1.171663760801523182e+02
-1.176644921764958127e+02
-1.174046269962086768e+02
-1.198325779255655732e+02
-1.198275869771651401e+02
-1.213525102552110013e+02
-1.213429133088740031e+02
-1.211130292368705454e+02
-1.210978017979317087e+02
-1.212180773961745075e+02
-1.216111374780027177e+02
-1.216095009729209409e+02
-1.215950956928467974e+02
-1.225421218033409332e+02
-1.226291497956764545e+02
-1.223826538946086231e+02
-1.223809047785953226e+02
-1.222976932464116118e+02
-1.228998499619493288e+02
-1.231534357941595488e+02
-1.232433130524816960e+02
-1.233101137576997672e+02
-1.231639184768895348e+02
-1.231645416857736564e+02
-1.251142421988659663e+02
-1.251215385295594444e+02
-1.259428294463793065e+02
-1.255779870988342566e+02
-1.255801827324515756e+02
-1.256456571780109215e+02
-1.256456287596208483e+02
-1.261757609858148470e+02
-1.259223294712206780e+02
-1.256589415748183569e+02
-1.257462650333619223e+02
-1.259341287756614918e+02
-1.260843027442878963e+02
-1.265329803405826681e+02
-1.266944158178822448e+02
-1.263104121058413511e+02
-1.263125599114668915e+02
-1.264605396038577538e+02
-1.263645613207802825e+02
-1.270005390518870740e+02
-1.268560752135042549e+02
-1.273349649714228775e+02
-1.268927782769835630e+02
-1.268922743331854832e+02
-1.268661356653764045e+02
-1.266102222101879846e+02
-1.267192987003219713e+02
-1.268973463466499965e+02
-1.268707153054009780e+02
-1.266184624858665870e+02
-1.271417726344871255e+02
-1.271610164620836940e+02
-1.275936101221604702e+02
-1.275926252134227354e+02
-1.276736695054162425e+02
-1.277458236193063641e+02
-1.276298350763370166e+02
-1.278941975661624326e+02
-1.278851212603587726e+02
-1.276325287484643951e+02
-1.279119005317906073e+02
-1.278049666899211445e+02
-1.277787349179848633e+02
-1.282139724860956846e+02
-1.281918095124138404e+02
-1.281258950441072386e+02
-1.281179324099350936e+02
-1.280785916944969358e+02
-1.282602673216585174e+02
-1.281315960827829485e+02
-1.282749090165342523e+02
-1.285316670275983029e+02
-1.284535331433567080e+02
-1.284562357760047178e+02
-1.282073623459992007e+02
-1.280401624883745910e+02
-1.280356276628961893e+02
-1.280028876499230250e+02
-1.283344270409716330e+02
-1.282982332347660019e+02
-1.283683224971038044e+02
-1.285226570086321090e+02
-1.286484979620969682e+02
-1.284434796715208904e+02
-1.285486332633733468e+02
-1.284174137232357680e+02
-1.283408650330222827e+02
-1.283410498401936479e+02
-1.282349188105026485e+02
-1.283052196180122451e+02
-1.282578364421437698e+02
-1.283092808121124051e+02
-1.282329373707893012e+02
-1.284239835380312513e+02
-1.284409026977965596e+02
-1.282729865408100522e+02
-1.280241344914068407e+02
-1.280779643257014015e+02
