-6.673755248484894764e+02
-6.673715844134903818e+02
-6.366362175663198286e+02
-5.761303545732289422e+02
-5.703365712877484839e+02
-5.708401814213630132e+02
-4.991981819819784505e+02
-4.991952142821901361e+02
-4.626760704821208492e+02
-4.626759873862738459e+02
-4.621777218494116823e+02
-4.502925760456946591e+02
-4.500259470675473494e+02
-4.472926149057229850e+02
-4.472964436129814203e+02
-4.457843799053307521e+02
-4.253364710739333532e+02
-4.251253804548241533e+02
-4.240879939527985698e+02
-4.240851228249766791e+02
-4.222952543442715978e+02
-4.130280382547425688e+02
-4.054370626576201175e+02
-4.037362067727372050e+02
-4.031421361231423361e+02
-4.019205876655178145e+02
-4.019327664312640991e+02
-3.025526650290203179e+02
-3.020507004052205957e+02
-2.611638925674014899e+02
-2.488239305631623211e+02
-2.488257910982611065e+02
-2.227143134515017664e+02
-2.227146495850547581e+02
-2.005394942002567404e+02
-2.010468176962376674e+02
-1.974940603425466179e+02
-1.972866404209753455e+02
-1.775737937071198758e+02
-1.771450850065548366e+02
-1.407289197330555908e+02
-1.403453533516085372e+02
-1.340708213927200632e+02
-1.340566285196928220e+02
-1.262120351682142427e+02
-1.263628711652700076e+02
-1.129154149315354516e+02
-1.129926784454710287e+02
-1.000827239849513717e+02
-8.999951586008592130e+01
-8.999412449165902217e+01
-8.923362541413553117e+01
-8.948594752619101200e+01
-8.762444425149169547e+01
-8.724371572318432300e+01
-8.623821976916588028e+01
-8.649440790493372333e+01
-7.462690236773141805e+01
-7.459799076959825470e+01
-6.117127241368507384e+01
-6.117292787128008058e+01
-4.856624921164893749e+01
-4.831236984307452076e+01
-4.553071365573941875e+01
-3.627618839400383877e+01
-3.049770584057114320e+01
-3.074539644567266805e+01
-2.252145955485502782e+01
-2.259306621708674356e+01
-1.887700117702024727e+01
-1.401249448019825650e+01
-9.944716267727926606e+00
-9.266759744218688866e+00
-9.247426064371211396e+00
-5.880346968729099899e+00
-2.112103940908127697e+00
-2.208458071777386067e+00
-1.100257536791104940e-01
2.125180166575295182e+00
3.686575657251644156e+00
3.682358451354800888e+00
5.468397915867724279e+00
9.299795269314486745e+00
9.294192412103443601e+00
1.320206215489745105e+01
1.631912385320123704e+01
1.631010478117738316e+01
1.746967911398914097e+01
2.150538830771703047e+01
2.171311123167205537e+01
2.557963633281478266e+01
2.577004476127358501e+01
2.893600780279640006e+01
2.897901788774812104e+01
2.898585060427306104e+01
3.665554227633970186e+01
4.168090631666308354e+01
4.170759384084755084e+01
4.484199599119502011e+01
4.489117147004924391e+01
5.502142031101833197e+01
5.507977174973536449e+01
6.790827709782672628e+01
6.739913455364224149e+01
8.039729223141200976e+01
