4.500000000000000000e+01
1.723509999999999854e+04
3.208490000000000146e+04
2.475000000000000000e+03
4.500000000000000000e+01
3.451500000000000000e+04
4.500000000000000000e+01
1.678509999999999854e+04
4.500000000000000000e+01
4.500000000000000000e+02
5.535000000000000000e+03
4.500000000000000000e+01
7.200000000000000000e+02
4.500000000000000000e+01
7.200000000000000000e+02
9.090000000000000000e+03
4.500000000000000000e+01
6.750000000000000000e+02
4.500000000000000000e+01
7.650000000000000000e+02
3.780000000000000000e+03
3.735000000000000000e+03
7.650000000000000000e+02
4.500000000000000000e+01
7.200000000000000000e+02
4.500000000000000000e+01
4.229990000000000146e+04
4.500000000000000000e+01
1.728020000000000073e+04
5.310000000000000000e+03
4.500000000000000000e+01
1.080000000000000000e+04
4.500000000000000000e+01
9.224899999999999636e+03
4.500000000000000000e+01
1.485000000000000000e+03
4.500000000000000000e+01
7.695000000000000000e+03
4.500000000000000000e+01
1.390489999999999964e+04
4.500000000000000000e+01
3.060000000000000000e+03
4.500000000000000000e+01
2.880000000000000000e+03
4.500000000000000000e+01
4.995000000000000000e+03
4.500000000000000000e+01
5.040100000000000364e+03
3.960000000000000000e+03
4.500000000000000000e+01
2.700000000000000000e+02
4.500000000000000000e+01
6.750000000000000000e+02
4.500000000000000000e+01
4.950000000000000000e+02
4.500000000000000000e+01
4.455000000000000000e+03
4.500000000000000000e+01
4.995100000000000364e+03
4.500000000000000000e+01
4.995000000000000000e+03
4.500000000000000000e+01
1.395000000000000000e+03
3.600000000000000000e+03
2.025000000000000000e+03
4.500000000000000000e+01
2.970000000000000000e+03
4.500000000000000000e+01
1.575000000000000000e+03
1.575000000000000000e+03
1.575000000000000000e+03
2.700000000000000000e+02
4.500000000000000000e+01
1.260000000000000000e+03
1.485000000000000000e+03
4.500000000000000000e+01
7.650000000000000000e+02
7.650000000000000000e+02
6.750000000000000000e+02
4.500000000000000000e+01
8.100000000000000000e+02
1.530000000000000000e+03
4.500000000000000000e+01
1.575000000000000000e+03
1.035000000000000000e+03
4.500000000000000000e+01
4.500000000000000000e+02
1.485000000000000000e+03
4.500000000000000000e+01
1.530000000000000000e+03
4.500000000000000000e+01
1.440000000000000000e+03
4.500000000000000000e+01
4.500000000000000000e+01
3.059900000000000091e+03
1.890000000000000000e+03
4.500000000000000000e+01
1.170000000000000000e+03
4.500000000000000000e+01
3.780000000000000000e+03
4.500000000000000000e+01
4.995000000000000000e+03
4.500000000000000000e+01
4.995000000000000000e+03
