0.000000000000000000e+00
4.500000000000000000e+01
1.728009999999999854e+04
4.936500000000000000e+04
5.184000000000000000e+04
5.188500000000000000e+04
8.640000000000000000e+04
8.644500000000000000e+04
1.032301000000000058e+05
1.032751000000000058e+05
1.037251000000000058e+05
1.092601000000000058e+05
1.093051000000000058e+05
1.100251000000000058e+05
1.100701000000000058e+05
1.107901000000000058e+05
1.198801000000000058e+05
1.199251000000000058e+05
1.206001000000000058e+05
1.206451000000000058e+05
1.214101000000000058e+05
1.251901000000000058e+05
1.289251000000000058e+05
1.296901000000000058e+05
1.297351000000000058e+05
1.304551000000000058e+05
1.305001000000000058e+05
1.728000000000000000e+05
1.728450000000000000e+05
1.901252000000000116e+05
1.954352000000000116e+05
1.954802000000000116e+05
2.062802000000000116e+05
2.063252000000000116e+05
2.155501000000000058e+05
2.155951000000000058e+05
2.170801000000000058e+05
2.171251000000000058e+05
2.248201000000000058e+05
2.248651000000000058e+05
2.387700000000000000e+05
2.388150000000000000e+05
2.418750000000000000e+05
2.419200000000000000e+05
2.448000000000000000e+05
2.448450000000000000e+05
2.498400000000000000e+05
2.498850000000000000e+05
2.549251000000000058e+05
2.588851000000000058e+05
2.589301000000000058e+05
2.592001000000000058e+05
2.592451000000000058e+05
2.599201000000000058e+05
2.599651000000000058e+05
2.604601000000000058e+05
2.605051000000000058e+05
2.649600999999999767e+05
2.650050999999999767e+05
2.700002000000000116e+05
2.700452000000000116e+05
2.750402000000000116e+05
2.750852000000000116e+05
2.764802000000000116e+05
2.800802000000000116e+05
2.821052000000000116e+05
2.821502000000000116e+05
2.851202000000000116e+05
2.851652000000000116e+05
2.867402000000000116e+05
2.883152000000000116e+05
2.898902000000000116e+05
2.901602000000000116e+05
2.902052000000000116e+05
2.914652000000000116e+05
2.929502000000000116e+05
2.929952000000000116e+05
2.937602000000000116e+05
2.945252000000000116e+05
2.952002000000000116e+05
2.952452000000000116e+05
2.960552000000000116e+05
2.975852000000000116e+05
2.976302000000000116e+05
2.992052000000000116e+05
3.002402000000000116e+05
3.002852000000000116e+05
3.007352000000000116e+05
3.022202000000000116e+05
3.022652000000000116e+05
3.037952000000000116e+05
3.038402000000000116e+05
3.052802000000000116e+05
3.053252000000000116e+05
3.053702000000000116e+05
3.084300999999999767e+05
3.103200999999999767e+05
3.103650999999999767e+05
3.115350999999999767e+05
3.115800999999999767e+05
3.153600999999999767e+05
3.154050999999999767e+05
3.204000999999999767e+05
3.204450999999999767e+05
3.254400999999999767e+05
