3.940434999094577506e-03
3.073536684717055323e+01
6.050586299309088645e+01
5.793783285480458289e+00
-5.036101336145293317e-01
7.164199943938456272e+01
2.967699788314348552e-03
3.651914380006928695e+01
8.309584700327832252e-05
4.982655368621635716e-01
1.188514580371702323e+01
2.666289781473096809e-01
2.733332161824364448e+00
-3.828707258435315453e-03
1.512063707650668221e+00
2.044790883139739890e+01
2.110906191091999062e-01
1.037386502025583468e+00
2.871127821890695486e-03
1.789868480705081311e+00
9.267216089529028977e+00
7.590975597122451290e+00
1.700855884882912505e+00
5.940706495948688826e-01
1.221548457624521689e+00
-1.217876574628462549e-02
9.938010140224378119e+01
5.019646237997221760e-01
4.088680783781910577e+01
1.233996200423916889e+01
-1.860535098785476293e-03
2.611147764675934013e+01
-3.361335529916686937e-04
2.217515538479801762e+01
-5.073234959809269640e-01
3.552757353691049502e+00
2.074199215712724254e-01
1.971284671385546972e+01
4.287087005650391802e-01
3.641616527349924581e+01
3.835663814470535726e-01
6.274531958888474037e+00
1.419287302724114852e-02
7.844593351478579280e+00
-1.508359970557648921e-01
1.344745623373455601e+01
-7.726351393557706615e-02
1.290995446051965700e+01
1.008320812486545037e+01
5.391368426899134647e-03
7.604990775234909961e-01
-2.523221120554808294e-01
1.861503274699316535e+00
3.807285283073724713e-01
1.005495954018442717e+00
-2.561881357678430504e-01
1.186750553720230528e+01
2.891159813316335203e-02
1.342671835591318086e+01
-1.655457595006737392e-03
1.260667865963114309e+01
2.538793685744167306e-01
2.781656187335102004e+00
9.254525261735579988e+00
5.778482553432695568e+00
-2.476906051015248522e-01
8.223936890817640233e+00
-7.160666223171574529e-02
3.716065040066496294e+00
4.864506696821990772e+00
4.067778212470329890e+00
6.779565235092377407e-01
1.933367984747746959e-02
3.367079095642111497e+00
3.768243027820972202e+00
-9.635413086925836978e-02
2.098432318098275573e+00
2.235205920254405676e+00
1.561395490676348974e+00
-4.217205896843267965e-03
1.786039464512923391e+00
3.831397353446762466e+00
-5.602857211043144048e-03
3.907869742794007450e+00
3.117061698303785988e+00
-9.019072023853880182e-03
1.159574332811757813e+00
4.035709193727889499e+00
2.077229239550248963e-01
3.866525101142727294e+00
1.904084284588023479e-01
3.165963041522815047e+00
4.301008495172098378e-02
6.832716524939996816e-03
7.669691672066640820e+00
5.025364040323381687e+00
2.668752418446729280e-02
3.134402150347469274e+00
4.917547885422379750e-02
1.013024884096908806e+01
5.835143871703252216e-02
1.282850534809136178e+01
-5.091425441844847910e-01
1.299815767776976827e+01
