0.000000000000000000e+00
4.500000000000000000e+01
2.295000000000000000e+03
2.340000000000000000e+03
2.070020000000000073e+04
2.074520000000000073e+04
2.299520000000000073e+04
2.304020000000000073e+04
3.240009999999999854e+04
3.244509999999999854e+04
3.514509999999999854e+04
3.865509999999999854e+04
4.072509999999999854e+04
4.077009999999999854e+04
4.284000000000000000e+04
4.288500000000000000e+04
4.909500000000000000e+04
4.914000000000000000e+04
5.116490000000000146e+04
5.120990000000000146e+04
5.534990000000000146e+04
5.539490000000000146e+04
5.741990000000000146e+04
5.746490000000000146e+04
6.578980000000000291e+04
6.583480000000000291e+04
7.415980000000000291e+04
7.420480000000000291e+04
7.622980000000000291e+04
7.627480000000000291e+04
8.041489999999999418e+04
8.045989999999999418e+04
8.248489999999999418e+04
8.252989999999999418e+04
8.666989999999999418e+04
8.671489999999999418e+04
8.873989999999999418e+04
8.878489999999999418e+04
9.085489999999999418e+04
9.089989999999999418e+04
9.918000000000000000e+04
9.922500000000000000e+04
1.012950000000000000e+05
1.013400000000000000e+05
1.034100000000000000e+05
1.090801000000000058e+05
1.188000000000000000e+05
1.188450000000000000e+05
1.732047999999999884e+05
1.732497999999999884e+05
1.934998999999999942e+05
1.935448999999999942e+05
