3.253485606364847627e-01
5.765842891673855775e+00
-2.724774983562383568e-02
4.900507627805836819e+01
8.949325642788608093e-02
6.194829074570407101e+00
2.915769703122350620e-02
2.420049350736391602e+01
1.083927771074963964e-01
6.698062592169272023e+00
8.784825039469700059e+00
5.066504720759169800e+00
1.637444278372299777e-01
5.058740758103752455e+00
6.430522924775416982e-02
1.528014257840953505e+01
5.963630263629227102e-03
5.320541255040801332e+00
-4.327546817897598430e-03
1.121466441193175712e+01
2.755734478813565147e-02
4.555504413288801402e+00
6.446511184839067710e-01
2.113663806952547475e+01
2.567233256527856611e-01
2.148109455891422215e+01
1.214214566074787172e-01
5.021447348873394390e+00
1.418228976292823518e-02
1.047693969288654614e+01
2.734232420843341060e-01
5.098711742852330531e+00
-8.494470904619788598e-02
1.119119640913507396e+01
-6.181460954877593394e-03
5.016413532561983857e+00
2.532761565596217679e-01
5.045842250226684200e+00
8.051303923386399219e-02
2.057602874434269324e+01
5.066352788803101248e-01
4.516706151284921589e+00
9.098222664590593922e-03
5.150943791375311775e+00
1.458128757580979595e+01
2.431738745415486846e+01
3.207809691590739476e-01
1.362349705735458940e+02
4.634656645328050217e-02
4.898810479838209631e+01
4.181005774551067589e-01
