7.116488338684665393e+01
7.092525589979400991e+01
7.103122232620957277e+01
7.117911126039521719e+01
7.287896025367101061e+01
7.301275135228380009e+01
7.310322706109107571e+01
7.312479623162867881e+01
7.565250461355944367e+01
7.554439198269241729e+01
7.509694473021470174e+01
7.593101993631644575e+01
7.628158295716714576e+01
7.626759192555246614e+01
7.659541159491388385e+01
7.659160111900025925e+01
7.697383780671374609e+01
7.696690061862869925e+01
7.723795421874699230e+01
7.723958025920597947e+01
7.875267068561160499e+01
7.880147376431858675e+01
7.771766519832777931e+01
7.779380570393392702e+01
7.961279907019613233e+01
7.959546254974246438e+01
8.015193066650253684e+01
8.035870550261795131e+01
7.984716879512302512e+01
7.993895440628952542e+01
8.058492648822422666e+01
8.046007431278889044e+01
8.091988902127999950e+01
8.097785838299490990e+01
8.093183826199630460e+01
8.093673283642732486e+01
8.092164825827661900e+01
8.092110738939814496e+01
8.115257021582016250e+01
8.126417986504733904e+01
8.140794080024332402e+01
8.116678518417917587e+01
8.231234051034536492e+01
8.232757968300009566e+01
8.246585818250954958e+01
8.238660889165426227e+01
8.354439244827769073e+01
8.350743580151336687e+01
8.995612952488104952e+01
9.032572230009969871e+01
9.362011385151518539e+01
9.366598424102853926e+01
