-8.362461052477101475e+01
-8.329926196413452999e+01
-7.753341907246067422e+01
-7.756066682229629805e+01
-2.855559054423792986e+01
-2.846609728781004378e+01
-2.227126821323963668e+01
-2.224211051620841317e+01
1.958382991155504627e+00
2.066775768263001023e+00
8.764838360432273490e+00
1.754966339990197355e+01
2.261616812066114335e+01
2.277991254849837333e+01
2.783865330660212578e+01
2.790295853584987995e+01
4.318310111425941500e+01
4.318906474452304423e+01
4.850960599956384556e+01
4.850527845274594796e+01
5.971994286467770507e+01
5.974750020946584073e+01
6.430300462275464213e+01
6.494765574123854890e+01
8.608429381076402365e+01
8.634101713641680931e+01
1.078221116953310315e+02
1.079435331519385102e+02
1.129649805008119046e+02
1.129791627905748328e+02
1.234561024834613789e+02
1.237295257255457130e+02
1.288282374683980436e+02
1.287432927593518457e+02
1.399344891684869197e+02
1.399283077075320421e+02
1.449447212400940259e+02
1.451979973966536477e+02
1.502438396468803319e+02
1.503243526861141959e+02
1.709003814304568891e+02
1.714070167093371992e+02
1.759237228606221208e+02
1.759328210832867114e+02
1.810837648746620232e+02
1.956650524504718192e+02
2.199824399046266876e+02
2.203032208737857616e+02
3.565381914473316556e+02
3.565845380137849361e+02
4.055726428121670324e+02
4.059907433896221391e+02
