4.500000000000000000e+01
2.250000000000000000e+03
4.500000000000000000e+01
1.836020000000000073e+04
4.500000000000000000e+01
2.250000000000000000e+03
4.500000000000000000e+01
9.359899999999999636e+03
4.500000000000000000e+01
2.700000000000000000e+03
3.510000000000000000e+03
2.070000000000000000e+03
4.500000000000000000e+01
2.069900000000000091e+03
4.500000000000000000e+01
6.210000000000000000e+03
4.500000000000000000e+01
2.024900000000000091e+03
4.500000000000000000e+01
4.140000000000000000e+03
4.500000000000000000e+01
2.025000000000000000e+03
4.500000000000000000e+01
8.324899999999999636e+03
4.500000000000000000e+01
8.325000000000000000e+03
4.500000000000000000e+01
2.025000000000000000e+03
4.500000000000000000e+01
4.140100000000000364e+03
4.500000000000000000e+01
2.025000000000000000e+03
4.500000000000000000e+01
4.140000000000000000e+03
4.500000000000000000e+01
2.025000000000000000e+03
4.500000000000000000e+01
2.070000000000000000e+03
4.500000000000000000e+01
8.280100000000000364e+03
4.500000000000000000e+01
2.070000000000000000e+03
4.500000000000000000e+01
2.070000000000000000e+03
5.670100000000000364e+03
9.719899999999999636e+03
4.500000000000000000e+01
5.435980000000000291e+04
4.500000000000000000e+01
2.025009999999999854e+04
4.500000000000000000e+01
