1.728009999999999854e+04
4.500000000000000000e+01
6.795100000000000364e+03
4.500000000000000000e+01
6.750000000000000000e+03
4.500000000000000000e+01
6.300000000000000000e+03
4.500000000000000000e+01
6.254899999999999636e+03
4.500000000000000000e+01
8.414899999999999636e+03
4.500000000000000000e+01
6.300000000000000000e+03
4.500000000000000000e+01
6.300000000000000000e+03
4.500000000000000000e+01
2.245500000000000000e+04
4.500000000000000000e+01
5.310100000000000364e+03
4.500000000000000000e+01
7.065100000000000364e+03
4.500000000000000000e+01
2.430000000000000000e+03
4.500000000000000000e+01
4.995000000000000000e+03
4.905000000000000000e+03
4.500000000000000000e+01
1.737000000000000000e+04
4.500000000000000000e+01
1.444489999999999964e+04
4.500000000000000000e+01
4.004900000000000091e+03
4.500000000000000000e+01
1.935000000000000000e+03
4.500000000000000000e+01
1.980000000000000000e+03
4.500000000000000000e+01
1.980000000000000000e+03
4.500000000000000000e+01
1.980000000000000000e+03
4.500000000000000000e+01
1.980000000000000000e+03
4.500000000000000000e+01
1.935000000000000000e+03
4.500000000000000000e+01
1.980000000000000000e+03
4.500000000000000000e+01
1.980000000000000000e+03
4.500000000000000000e+01
1.980099999999999909e+03
4.500000000000000000e+01
1.980000000000000000e+03
4.500000000000000000e+01
1.935000000000000000e+03
4.500000000000000000e+01
1.980000000000000000e+03
4.500000000000000000e+01
4.432509999999999854e+04
4.500000000000000000e+01
4.230000000000000000e+04
4.500000000000000000e+01
2.250000000000000000e+02
4.500000000000000000e+01
1.665000000000000000e+03
4.500000000000000000e+01
1.710000000000000000e+03
4.500000000000000000e+01
1.665000000000000000e+03
4.500000000000000000e+01
1.710000000000000000e+03
4.500000000000000000e+01
5.130100000000000364e+03
4.500000000000000000e+01
1.665000000000000000e+03
4.500000000000000000e+01
3.420000000000000000e+03
2.592000000000000000e+04
4.500000000000000000e+01
1.665000000000000000e+03
4.500000000000000000e+01
1.845000000000000000e+03
4.500000000000000000e+01
1.935000000000000000e+03
4.500000000000000000e+01
1.935000000000000000e+03
4.500000000000000000e+01
1.934900000000000091e+03
4.500000000000000000e+01
1.935000000000000000e+03
4.500000000000000000e+01
1.935000000000000000e+03
4.500000000000000000e+01
1.935000000000000000e+03
4.500000000000000000e+01
1.935000000000000000e+03
4.500000000000000000e+01
1.935000000000000000e+03
4.500000000000000000e+01
1.935000000000000000e+03
4.500000000000000000e+01
3.915000000000000000e+03
4.500000000000000000e+01
3.915000000000000000e+03
4.500000000000000000e+01
1.980000000000000000e+03
1.935000000000000000e+03
4.500000000000000000e+01
1.935000000000000000e+03
1.980000000000000000e+03
4.500000000000000000e+01
1.935000000000000000e+03
4.500000000000000000e+01
