-1.640560372298068614e+02
-1.180703731231233178e+02
-1.174122572816713728e+02
-9.967828426913456497e+01
-9.966958665982019738e+01
-8.214059372617157351e+01
-8.206173001442493842e+01
-6.545981942736034398e+01
-6.557671913358262827e+01
-4.908724029705808789e+01
-4.908324042953609023e+01
-2.682939757089570776e+01
-2.663818886621811544e+01
-8.990555908940223162e+00
-8.883963030211816658e+00
7.921896393040634976e+00
8.425935042217723492e+00
6.648645192661805936e+01
6.623671624478895126e+01
8.039636571095874729e+01
8.025560138364413376e+01
9.899859785879192486e+01
9.924469405508510533e+01
1.055741877521641072e+02
1.055924163808183920e+02
1.184299774043236511e+02
1.313320939450271965e+02
1.310804806061746604e+02
1.786718335287967818e+02
1.752115861064457079e+02
2.157655681471011349e+02
2.159846334539086570e+02
2.257697919412155443e+02
2.259882936229449797e+02
2.312079271238971501e+02
2.312078711428481483e+02
2.366853191652236603e+02
2.367494897470906494e+02
2.414804900132576222e+02
2.415472226132527283e+02
2.468712745042126926e+02
2.470768005693944644e+02
2.516827828367777045e+02
2.484582132252131998e+02
2.566342053770535472e+02
2.568627048796702752e+02
2.619338860912060909e+02
2.620216391561081082e+02
2.670253461371722210e+02
2.669951022908650202e+02
2.724530690590664790e+02
2.726004810244651821e+02
2.772011242090538303e+02
2.774978941113395763e+02
2.819221964758499439e+02
2.821757606217415173e+02
2.867468963413346046e+02
2.867495241647657735e+02
3.935618803700004946e+02
3.937848915972313648e+02
4.916660133554393610e+02
4.918892681979158965e+02
4.924208965024365057e+02
4.925149138626618992e+02
4.964828889402715504e+02
4.965517293075509428e+02
5.000164862618174197e+02
5.000546573704783100e+02
5.037588950315601437e+02
5.037874510668870016e+02
5.075814227929900539e+02
5.076253615354609678e+02
5.189185030275139070e+02
5.189427052085021614e+02
5.222174588130142183e+02
5.225823836573913468e+02
5.296033142376991236e+02
5.837339479511476839e+02
5.837265586541873290e+02
5.874591490647374030e+02
5.874957296912139100e+02
5.914114580338879250e+02
5.914920037493245673e+02
5.953297021763113435e+02
5.956951225899592828e+02
5.992583244132737263e+02
5.992582500718052643e+02
6.035362110661748147e+02
6.036605047044632784e+02
6.071136764927859986e+02
6.071174869791208266e+02
6.110877731135349222e+02
6.110895807141184832e+02
6.147247047115619125e+02
6.147328610918742697e+02
6.186936779883483268e+02
6.187295946099711728e+02
6.229481877097258575e+02
6.230741826967632733e+02
6.258623146922589058e+02
6.261014189558367207e+02
6.335108593343253460e+02
6.337553479572582091e+02
6.416627705818324330e+02
6.418928282911966789e+02
6.459758219777929753e+02
6.495935863424385843e+02
6.498847985969115371e+02
6.535484207743902516e+02
6.575415611626144710e+02
6.575689234121441586e+02
6.606415102194271185e+02
6.608857084115732050e+02
