2.656166309223458484e+02
2.672463430879180351e+02
2.669958028596388999e+02
2.676574558438496751e+02
2.676597131777995742e+02
2.683110934836498132e+02
2.684273064647987894e+02
2.691704888864122722e+02
2.693021212853415136e+02
2.702024461579048307e+02
2.702020373143175220e+02
2.704011852587348130e+02
2.704790090123115647e+02
2.701181423606175258e+02
2.700568896715617484e+02
2.708294858694006280e+02
2.700723675735504798e+02
2.723162412241653101e+02
2.728242402396291482e+02
2.722774189398875251e+02
2.726430518921928297e+02
2.727875879641696883e+02
2.724475690082658161e+02
2.725317896327593417e+02
2.725413718387772519e+02
2.724850035486377351e+02
2.722459019209198345e+02
2.727498231046259320e+02
2.709832373180804552e+02
2.724174862710342495e+02
2.698214757284479219e+02
2.699230383362682915e+02
2.700635348806068805e+02
2.700999618011322241e+02
2.698521900326220475e+02
2.698342173632312893e+02
2.698577876176288441e+02
2.698756852220344626e+02
2.700894694347809377e+02
2.701551257748947137e+02
2.698427876501374385e+02
2.699832731367686733e+02
2.700546533811518088e+02
2.706822144626963791e+02
2.700465445395951747e+02
2.701042962793072206e+02
2.699008832991964937e+02
2.698537239285856231e+02
2.697894734712839977e+02
2.699660951037474206e+02
2.698437215463313237e+02
2.698383319750741975e+02
2.698886425293805473e+02
2.695286969743756345e+02
2.696465797515362510e+02
2.695621950955957686e+02
2.700406770853400076e+02
2.700490011478080419e+02
2.659605234622851526e+02
2.658282177499852423e+02
2.611458949652431443e+02
2.610115864147580851e+02
2.610902811609629453e+02
2.610413988852535567e+02
2.604739484275689847e+02
2.605601375393856074e+02
2.607785195245165255e+02
2.608161243436779841e+02
2.605459603686941819e+02
2.605796077747700679e+02
2.602204615099136049e+02
2.603777361166422111e+02
2.597088810695875623e+02
2.597359220233927886e+02
2.597003927940803010e+02
2.595284060740527821e+02
2.591242871956721956e+02
2.550646840400674478e+02
2.551225491158355396e+02
2.545422365225694250e+02
2.545905529607387905e+02
2.541969844142332420e+02
2.541605154299290348e+02
2.538219884838736107e+02
2.537305785304495203e+02
2.535131134307625871e+02
2.535103874869882077e+02
2.531582740703426282e+02
2.530988797043682723e+02
2.530149666682940222e+02
2.530293981740177855e+02
2.525965943180478064e+02
2.525959418319654048e+02
2.522744008432957799e+02
2.522737752561036757e+02
2.520248924845911063e+02
2.519797218452907259e+02
2.514815316480140837e+02
2.514275210979030817e+02
2.516186859844625019e+02
2.513717230738991475e+02
2.507147786201802830e+02
2.506255271940591740e+02
2.498397811691020536e+02
2.497588859278622522e+02
2.492547235376881360e+02
2.487044249346700724e+02
2.486494912767573737e+02
2.482768700827338080e+02
2.477577764556276918e+02
2.477617811000238817e+02
2.477659941050589794e+02
2.476883005489870584e+02
