4.598566410668354365e+01
6.581158414519450162e-01
1.773397301253680780e+01
8.697609314367582556e-03
1.752899293364862388e+01
7.886371174663509009e-02
1.660191058706459444e+01
-1.168997062222842942e-01
1.648947883652454038e+01
3.999867521997657605e-03
2.225384285864038247e+01
1.912087046775923227e-01
1.764763295727789227e+01
1.065928787284065038e-01
1.680585942325244986e+01
5.040386491770885158e-01
5.806051688440033587e+01
-2.497356818291081026e-01
1.415964946616979603e+01
-1.407643273146135243e-01
1.874299647514779110e+01
2.460961962931804692e-01
6.329493697079001890e+00
1.822862865428476198e-02
1.283756102350525907e+01
1.290211654070354541e+01
-2.516133388525361170e-01
4.759135292262212147e+01
-3.460247422351073965e+00
4.055398204065542700e+01
2.190653068075221199e-01
9.785158487306887309e+00
2.185016817294354041e-01
5.219633500952170380e+00
-5.598104900172984344e-05
5.477448022375511982e+00
6.417058186698909594e-02
4.731000266166972779e+00
6.673259999510605667e-02
5.324051890959964339e+00
2.055260651817718554e-01
4.605982267383240014e+00
-3.224569611564504612e+00
8.175992151840347333e+00
2.284995026167280230e-01
5.071181211535815692e+00
8.775306490201728593e-02
5.003706981064112824e+00
-3.024384630720078349e-02
5.457966768201458763e+00
1.474119653987031597e-01
4.600643184588648182e+00
2.967699022857459568e-01
4.424302364510367624e+00
2.535641458915733892e-01
4.571135719593087288e+00
2.627823431168962998e-03
1.068123562052347211e+02
2.230112272308701904e-01
9.788112175820799621e+01
2.232548424765354866e-01
5.316283045206091629e-01
9.401736022539353144e-02
3.967975077609651180e+00
6.884036727939246703e-02
3.464756954266476896e+00
3.817110866089024057e-02
3.704237661081833721e+00
2.855603532685790924e-02
3.793971726103052333e+00
4.393874247091389407e-02
1.129314149205293916e+01
2.420218098825444031e-02
3.274753604512056882e+00
3.649248443771284656e-01
7.020930580307776836e+00
5.413063371344856023e+01
-7.389296960354840849e-03
3.732590410550074012e+00
3.658062647650694998e-02
3.915728342674015039e+00
8.054571543664224009e-02
3.837698426986776212e+00
3.654204136479393128e-01
3.563201823314443573e+00
-7.434146846208022907e-05
4.277960994369550463e+00
1.242936382884636259e-01
3.453171788322720204e+00
3.810486334828055988e-03
3.970286134414095613e+00
1.807600583560997620e-03
3.635123997443429289e+00
8.156380312357214279e-03
3.960816896474057103e+00
3.591662162284592341e-02
4.218593099754684772e+00
1.259949870374157399e-01
2.788131995495632509e+00
2.391042635778148906e-01
7.409440378488625356e+00
2.444886229328631089e-01
7.907422624574223846e+00
2.300577093642459658e-01
4.082993686596296357e+00
3.617764364645609021e+00
2.912122544729527363e-01
3.663622177478714548e+00
3.993140388224219350e+00
2.736224952968768775e-02
3.072586807282959853e+00
2.441981921460865124e-01
