0.000000000000000000e+00
1.728009999999999854e+04
1.732509999999999854e+04
2.412020000000000073e+04
2.416520000000000073e+04
3.091520000000000073e+04
3.096020000000000073e+04
3.726019999999999709e+04
3.730519999999999709e+04
4.356009999999999854e+04
4.360509999999999854e+04
5.202000000000000000e+04
5.206500000000000000e+04
5.836500000000000000e+04
5.841000000000000000e+04
6.471000000000000000e+04
6.475500000000000000e+04
8.721000000000000000e+04
8.725500000000000000e+04
9.256510000000000582e+04
9.261010000000000582e+04
9.967519999999999709e+04
9.972019999999999709e+04
1.021501999999999971e+05
1.021951999999999971e+05
1.071901999999999971e+05
1.120951999999999971e+05
1.121401999999999971e+05
1.295101999999999971e+05
1.295551999999999971e+05
1.440001000000000058e+05
1.440451000000000058e+05
1.480500000000000000e+05
1.480950000000000000e+05
1.500300000000000000e+05
1.500750000000000000e+05
1.520550000000000000e+05
1.521000000000000000e+05
1.540800000000000000e+05
1.541250000000000000e+05
1.561050000000000000e+05
1.561500000000000000e+05
1.581300000000000000e+05
1.581750000000000000e+05
1.601100000000000000e+05
1.601550000000000000e+05
1.621350000000000000e+05
1.621800000000000000e+05
1.641600000000000000e+05
1.642050000000000000e+05
1.661851000000000058e+05
1.662301000000000058e+05
1.682101000000000058e+05
1.682551000000000058e+05
1.701901000000000058e+05
1.702351000000000058e+05
1.722151000000000058e+05
1.722601000000000058e+05
2.165852000000000116e+05
2.166302000000000116e+05
2.589302000000000116e+05
2.589752000000000116e+05
2.592002000000000116e+05
2.592452000000000116e+05
2.609102000000000116e+05
2.609552000000000116e+05
2.626652000000000116e+05
2.627102000000000116e+05
2.643752000000000116e+05
2.644202000000000116e+05
2.661302000000000116e+05
2.661752000000000116e+05
2.713052999999999884e+05
2.713502999999999884e+05
2.730152999999999884e+05
2.730602999999999884e+05
2.764802999999999884e+05
3.024002999999999884e+05
3.024452999999999884e+05
3.041102999999999884e+05
3.041552999999999884e+05
3.060002999999999884e+05
3.060452999999999884e+05
3.079802999999999884e+05
3.080252999999999884e+05
3.099602999999999884e+05
3.100052999999999884e+05
3.119402000000000116e+05
3.119852000000000116e+05
3.139202000000000116e+05
3.139652000000000116e+05
3.159002000000000116e+05
3.159452000000000116e+05
3.178802000000000116e+05
3.179252000000000116e+05
3.198602000000000116e+05
3.199052000000000116e+05
3.218402000000000116e+05
3.218852000000000116e+05
3.238202000000000116e+05
3.238652000000000116e+05
3.277802000000000116e+05
3.278252000000000116e+05
3.317402000000000116e+05
3.317852000000000116e+05
3.337652000000000116e+05
3.357002000000000116e+05
3.357452000000000116e+05
3.376802000000000116e+05
3.396602000000000116e+05
3.397052000000000116e+05
3.416402000000000116e+05
3.416852000000000116e+05
