6.615000000000000000e+03
4.500000000000000000e+01
6.889469999999999709e+04
4.500000000000000000e+01
8.635489999999999418e+04
4.500000000000000000e+01
1.795520000000000073e+04
4.500000000000000000e+01
3.825000000000000000e+03
4.500000000000000000e+01
2.128479999999999927e+04
4.500000000000000000e+01
4.315490000000000146e+04
4.500000000000000000e+01
1.075510000000000036e+04
4.500000000000000000e+01
3.735000000000000000e+03
4.500000000000000000e+01
3.735000000000000000e+03
4.500000000000000000e+01
3.735000000000000000e+03
4.500000000000000000e+01
2.101490000000000146e+04
4.500000000000000000e+01
5.534899999999999636e+03
4.500000000000000000e+01
3.915000000000000000e+03
4.500000000000000000e+01
1.935000000000000000e+03
4.500000000000000000e+01
5.894899999999999636e+03
4.500000000000000000e+01
1.935000000000000000e+03
4.500000000000000000e+01
3.915000000000000000e+03
4.500000000000000000e+01
1.935000000000000000e+03
4.500000000000000000e+01
3.915000000000000000e+03
4.500000000000000000e+01
1.935000000000000000e+03
4.500000000000000000e+01
5.895000000000000000e+03
4.500000000000000000e+01
1.935000000000000000e+03
4.500000000000000000e+01
