0.000000000000000000e+00
6.615000000000000000e+03
6.660000000000000000e+03
7.555469999999999709e+04
7.559969999999999709e+04
1.619546000000000058e+05
1.619996000000000058e+05
1.799547999999999884e+05
1.799997999999999884e+05
1.838247999999999884e+05
1.838697999999999884e+05
2.051546000000000058e+05
2.051996000000000058e+05
2.483545000000000000e+05
2.483995000000000000e+05
2.591546000000000058e+05
2.591996000000000058e+05
2.629345999999999767e+05
2.629795999999999767e+05
2.667145999999999767e+05
2.667595999999999767e+05
2.704945999999999767e+05
2.705395999999999767e+05
2.915545000000000000e+05
2.915995000000000000e+05
2.971344000000000233e+05
2.971794000000000233e+05
3.010944000000000233e+05
3.011394000000000233e+05
3.030744000000000233e+05
3.031194000000000233e+05
3.090142999999999884e+05
3.090592999999999884e+05
3.109942999999999884e+05
3.110392999999999884e+05
3.149542999999999884e+05
3.149992999999999884e+05
3.169342999999999884e+05
3.169792999999999884e+05
3.208942999999999884e+05
3.209392999999999884e+05
3.228742999999999884e+05
3.229192999999999884e+05
3.288142999999999884e+05
3.288592999999999884e+05
3.307942999999999884e+05
3.308392999999999884e+05
