1.750914870628387803e+02
1.735470746957099664e+02
1.735483605219764058e+02
1.561733555431203229e+02
1.561721525449619321e+02
1.394527201050188978e+02
1.394518793501800360e+02
1.368287665615160336e+02
1.368284881168677600e+02
1.364621822466310732e+02
1.365535451844355350e+02
1.340267334800911101e+02
1.340493862605769664e+02
1.300884944784689594e+02
1.300122483157985016e+02
1.294143898774123045e+02
1.293588494644416187e+02
1.291099166327805108e+02
1.291029023328183882e+02
1.287759128817024248e+02
1.286203580752022901e+02
1.284852727757337050e+02
1.283823949157222444e+02
1.279125523026370672e+02
1.279560631789172618e+02
1.275969089104439291e+02
1.275512061206491552e+02
1.273891963600130879e+02
1.272307410573500306e+02
1.271825615659710849e+02
1.272232502906392000e+02
1.267972995745619471e+02
1.270698382474621582e+02
1.267519348203884562e+02
1.270366620134672786e+02
1.265193366410245943e+02
1.267701949205028455e+02
1.265624734968986047e+02
1.264954550371947590e+02
1.262971311412901656e+02
1.265433625415272445e+02
1.260632805504906884e+02
1.258489184940142422e+02
1.259798314418206644e+02
1.254816463778102360e+02
1.257832380931838117e+02
1.260353427410903464e+02
