-8.193627730777507168e+02
-8.115782172695162444e+02
-8.115753560072107575e+02
-7.172344980117031810e+02
-7.172481343691288203e+02
-5.667041353077365784e+02
-5.667017846316412033e+02
-5.309370634571905612e+02
-5.309443406805712584e+02
-5.232404746371457804e+02
-5.227827319507923676e+02
-4.801018389791806840e+02
-4.801015998084494640e+02
-3.884467200225572014e+02
-3.882347986064360157e+02
-3.644356814322236460e+02
-3.643720744045594984e+02
-3.560772626532525464e+02
-3.560656755751779201e+02
-3.476545347339197178e+02
-3.475929422588251327e+02
-3.392537859685717194e+02
-3.390545577143257105e+02
-2.918869687377309674e+02
-2.918075310722997529e+02
-2.791216898656102785e+02
-2.790937626761660795e+02
-2.701623539966249155e+02
-2.699642338350940918e+02
-2.654055072844357710e+02
-2.654268042900412183e+02
-2.517369147044746569e+02
-2.518433358558922919e+02
-2.471692194079423643e+02
-2.472846345751577246e+02
-2.378538788460446085e+02
-2.378544187462011905e+02
-2.331673549780816757e+02
-2.330275707927285112e+02
-2.236771460569798364e+02
-2.237004733154662972e+02
-2.188850375245237956e+02
-2.186447221058870127e+02
-2.047683797486342883e+02
-2.045089240828247057e+02
-1.999913651597580611e+02
-1.999885648569716068e+02
