7.784555808234472352e+00
2.861262305486889090e-03
9.434085799550757656e+01
-1.363635742563928943e-02
1.505439990613922419e+02
2.350676095375092700e-03
3.576472117445064214e+01
-7.277223380697250832e-03
7.703866043425477983e+00
4.577426863534128643e-01
4.268089297161168361e+01
2.391707312199287117e-04
9.165487978589226259e+01
2.119214161211857572e-01
2.379911717421236972e+01
6.360702766414760845e-02
8.294811751306951919e+00
1.158707807462633355e-02
8.411140841258202272e+00
6.159247509458509739e-02
8.339156290253413317e+00
1.992282542460088735e-01
4.716758897659474314e+01
7.943766543121455470e-02
1.268584120668947435e+01
2.792718944419902982e-02
8.931408679541164020e+00
1.981201615308236796e-01
4.558726550658320775e+00
-2.129700560544733889e-02
1.368988958556656144e+01
-1.064211514176349738e-01
4.674116447949927533e+00
-1.154151672153602703e-01
9.430755729113116104e+00
-5.399001565820071846e-04
4.687063768119514862e+00
1.397841853531645029e-01
9.350424735748674721e+00
-2.332725848646077793e-02
4.815435790942501626e+00
2.403154186367828515e-01
1.387634235725272447e+01
2.594556658095825696e-01
4.517558923066644638e+00
2.800302786454267334e-03
