0.000000000000000000e+00
0.000000000000000000e+00
4.297509999999999854e+04
1.298703000000000029e+05
1.299153000000000029e+05
2.167653999999999942e+05
2.168103999999999942e+05
2.315252999999999884e+05
2.315702999999999884e+05
2.375102999999999884e+05
2.375552999999999884e+05
2.434952999999999884e+05
2.524502999999999884e+05
2.524952999999999884e+05
2.614053999999999942e+05
2.614503999999999942e+05
2.673905000000000000e+05
2.674355000000000000e+05
2.883155999999999767e+05
3.032555000000000000e+05
3.181954000000000233e+05
3.241804000000000233e+05
3.451055000000000000e+05
3.540605999999999767e+05
3.600457000000000116e+05
3.659857000000000116e+05
3.749857000000000116e+05
3.899255999999999767e+05
3.958655999999999767e+05
3.959105999999999767e+05
4.018505000000000000e+05
4.018955000000000000e+05
4.108055000000000000e+05
4.108505000000000000e+05
4.257905999999999767e+05
4.317307000000000116e+05
4.317757000000000116e+05
4.377157000000000116e+05
4.466707999999999884e+05
4.467157999999999884e+05
4.765507999999999884e+05
4.765957999999999884e+05
4.825357000000000116e+05
