0.000000000000000000e+00
5.841315927709729294e+01
1.522040435002509184e+02
2.523614971778442850e-01
1.891972608789728838e+02
-3.860870356220402755e-03
3.526301780982521450e+01
2.857747656435094541e-02
1.457812453322731017e+01
3.472350726951844990e-05
1.471369552180021856e+01
2.209195656030260579e+01
9.658866658810438821e-02
2.239346102235231228e+01
8.432747845290577970e-02
1.512601029942288733e+01
3.600011317530515953e-01
5.267304215558397118e+01
3.881950798433990713e+01
3.937741452880345605e+01
1.590204967098998168e+01
5.612804725587920984e+01
2.404551259498930449e+01
1.647694845607929892e+01
1.581941904396444443e+01
2.419578483579698513e+01
4.024328312784083295e+01
1.569253203862777646e+01
1.747136676885716611e-01
1.600727070868976298e+01
2.475322322166277900e-01
2.399427895612868156e+01
2.564412936056328363e-01
3.982787823660850535e+01
1.567699362332702151e+01
2.479904676988553547e-04
1.582763984191284123e+01
2.383020901373291167e+01
1.232910081810132397e-01
7.773237670987344927e+01
1.477935022903409390e-01
1.513472488029552210e+01
