0.000000000000000000e+00
4.297509999999999854e+04
8.689519999999999709e+04
4.500000000000000000e+01
8.685010000000000582e+04
4.500000000000000000e+01
1.471489999999999964e+04
4.500000000000000000e+01
5.940000000000000000e+03
4.500000000000000000e+01
5.940000000000000000e+03
8.955000000000000000e+03
4.500000000000000000e+01
8.910100000000000364e+03
4.500000000000000000e+01
5.940100000000000364e+03
4.500000000000000000e+01
2.088009999999999854e+04
1.493989999999999964e+04
1.493989999999999964e+04
5.985000000000000000e+03
2.092509999999999854e+04
8.955100000000000364e+03
5.985100000000000364e+03
5.940000000000000000e+03
9.000000000000000000e+03
1.493989999999999964e+04
5.940000000000000000e+03
4.500000000000000000e+01
5.939899999999999636e+03
4.500000000000000000e+01
8.910000000000000000e+03
4.500000000000000000e+01
1.494010000000000036e+04
5.940100000000000364e+03
4.500000000000000000e+01
5.940000000000000000e+03
8.955100000000000364e+03
4.500000000000000000e+01
2.983500000000000000e+04
4.500000000000000000e+01
5.939899999999999636e+03
