1.365557953852332389e+02
1.365557953852332389e+02
1.489589640993289379e+02
1.724405248776327255e+02
1.724926761045736328e+02
1.901331948491905166e+02
1.901323720597281124e+02
1.924043474963629023e+02
1.924141624873999774e+02
1.934271948299087001e+02
1.934281003323019945e+02
1.939727963030376259e+02
1.953628409741989174e+02
1.953548010725707798e+02
1.964397758649845116e+02
1.964235721690547223e+02
1.967827437884699577e+02
1.975613747739892574e+02
1.989613451431789031e+02
2.005299535252986800e+02
2.015668859957740153e+02
2.022160333647118478e+02
2.037877303713212029e+02
2.043650705644319032e+02
2.044527830956378693e+02
2.046353240820904773e+02
2.041000700883991783e+02
2.044484693534369342e+02
2.039976670503517369e+02
2.042822556480116134e+02
2.037336674373417225e+02
2.042341660058886816e+02
2.034550142488487552e+02
2.039589483785442781e+02
2.040497472923931923e+02
2.030882789117532070e+02
2.030882976234828448e+02
2.025899225186832950e+02
2.018452863126912860e+02
2.020561940214103913e+02
1.991843524475686706e+02
1.992493032704756217e+02
1.984957749653354142e+02
