-8.471266501446962138e+02
-8.471266501446962138e+02
-7.887134908675989209e+02
-6.365094473673480024e+02
-6.362570858701701582e+02
-4.470598249911972744e+02
-4.470636858615534948e+02
-4.118006680517282803e+02
-4.117720905751639293e+02
-3.971939660419366191e+02
-3.971939313184293496e+02
-3.824802357966291311e+02
-3.603882792363265253e+02
-3.602916905697384209e+02
-3.378982295473861086e+02
-3.378139020689332028e+02
-3.226878917695103155e+02
-3.223278906377572639e+02
-2.696548484821732927e+02
-2.308353404978333856e+02
-1.914579259690299295e+02
-1.755558762980399479e+02
-1.194278290421607380e+02
-9.538231644717143354e+01
-7.890536799109213462e+01
-6.308594894712769019e+01
-3.889016411133070505e+01
1.353119016510130113e+00
1.704565105513790613e+01
1.722036472282647779e+01
3.322763543151624077e+01
3.347516766373286856e+01
5.746944661986155012e+01
5.772588791346718295e+01
9.755376615007568830e+01
1.132307597734027098e+02
1.132310077638704087e+02
1.290586476057832499e+02
1.528888566195161616e+02
1.530121476276971748e+02
2.307445243375706241e+02
2.308923178398609650e+02
2.460270427201564871e+02
